107
196
126
196
148
190
149
164
178
193
199
109
104
112
194
161
118
109
161
199
1000428
1000016
195
126
190
177
151
138
150
186
111
169
132
130
160
161
183
153
185
142
172
189
117
198
108
114
150
148
183
175
158
119
160
143
173
153
136
158
184
151
157
162
176
103
167
168
146
178
167
169
138
172
184
193
161
194
102
190
192
185
177
155
121
131
147
161
138
127
106
128
143
143
196
143
135
191
113
175
148
170
105
152
187
170
176
113
171
191
159
100
106
137
192
184
186
109
171
178
128
195
105
190
186
161
138
165
114
123
192
130
158
105
178
191
140
116
127
130
126
172
102
165
148
157
163
187
136
188
148
131
184
167
163
129
177
141
107
177
171
189
130
104
188
116
195
101
152
181
125
119
168
191
188
130
151
193
1000087
1000332
110
170
194
124
146
158
107
112
172
137
191
119
195
129
135
178
166
180
174
117
192
122
197
111
